2.672145115669625426e+00 0.000000000000000000e+00
2.693258004116493520e+00 0.000000000000000000e+00
2.715208965275464514e+00 0.000000000000000000e+00
2.737553101927896471e+00 0.000000000000000000e+00
2.759897238580328427e+00 0.000000000000000000e+00
2.782241375232760383e+00 0.000000000000000000e+00
2.804842916924280782e+00 0.000000000000000000e+00
2.828441328674547783e+00 0.000000000000000000e+00
2.852039740424814340e+00 0.000000000000000000e+00
2.875638152175081341e+00 0.000000000000000000e+00
2.899236563925347898e+00 0.000000000000000000e+00
2.924070553953993290e+00 0.000000000000000000e+00
2.948945852764577324e+00 0.000000000000000000e+00
2.973821151575161803e+00 0.000000000000000000e+00
2.998696450385746282e+00 0.000000000000000000e+00
3.024802777405094734e+00 0.000000000000000000e+00
3.050977181949505290e+00 0.000000000000000000e+00
3.077151586493916291e+00 1.917978947368420995e+04
3.103493844751572084e+00 2.041263157894736651e+04
3.130989200237863646e+00 2.002526315789473665e+04
3.158484555724155207e+00 1.981642105263158010e+04
3.185979911210446769e+00 2.180977777777777737e+04
3.214133186872659920e+00 2.183111111111110949e+04
3.242970983256462159e+00 2.073976470588235316e+04
3.271808779640264397e+00 2.088156862745097897e+04
3.300677149308102187e+00 1.973688888888889051e+04
3.330878538072358452e+00 2.096800000000000000e+04
3.361079926836614717e+00 2.054525490196078317e+04
3.391281315600870983e+00 1.990400000000000000e+04
3.422467463871882387e+00 1.991679999999999927e+04
3.454053273526421108e+00 2.215466666666666424e+04
3.485639083180959830e+00 1.933511111111110949e+04
3.517991058231400459e+00 2.100956862745097897e+04
3.550981808664959605e+00 2.100800000000000000e+04
3.583972559098518307e+00 2.011105882352941262e+04
3.617696106480640772e+00 2.062800000000000000e+04
3.652112022280828985e+00 2.046293333333333430e+04
3.686527938081017197e+00 1.939200000000000000e+04
3.721823275800582032e+00 1.942247619047619082e+04
3.757684298642758769e+00 2.029226666666667006e+04
3.793545321484935506e+00 1.917200000000000000e+04
3.830607474237769594e+00 1.961035294117646845e+04
3.867933274431505364e+00 1.870400000000000000e+04
3.905468191390498500e+00 1.821440000000000146e+04
3.944278178661498213e+00 1.824000000000000000e+04
3.983088165932497482e+00 1.905600000000000000e+04
4.022746401554933904e+00 1.920627450980391950e+04
4.063059735131713701e+00 2.018844444444444525e+04
4.103500438545214735e+00 1.650844444444444525e+04
4.145336036611422692e+00 1.659957894736841990e+04
4.187171634677630649e+00 0.000000000000000000e+00
4.230075669957433782e+00 0.000000000000000000e+00
4.273452218524561808e+00 1.658273684210526335e+04
4.317433771263011977e+00 1.823644444444444525e+04
4.362369732511869103e+00 1.588266666666666606e+04
4.407562189724233193e+00 0.000000000000000000e+00
4.454075809858635715e+00 1.644463157894736651e+04
4.500609650981737708e+00 0.000000000000000000e+00
4.548718967633520904e+00 0.000000000000000000e+00
4.596828284285304100e+00 0.000000000000000000e+00
4.646444757715115337e+00 0.000000000000000000e+00
4.696167606935748751e+00 0.000000000000000000e+00
4.747395906950208300e+00 0.000000000000000000e+00
4.798749929820008475e+00 0.000000000000000000e+00
4.851712447511007831e+00 0.000000000000000000e+00
4.904863293862275597e+00 0.000000000000000000e+00
4.959531838339913179e+00 1.394863157894736833e+04
5.014637545984259148e+00 1.479747368421052670e+04
5.070989078472168288e+00 0.000000000000000000e+00
5.128165371846644227e+00 0.000000000000000000e+00
5.186216812941642829e+00 0.000000000000000000e+00
5.245577328343128620e+00 0.000000000000000000e+00
5.305500447584176271e+00 0.000000000000000000e+00
5.367001805552338745e+00 0.000000000000000000e+00
5.429314067131238986e+00 0.000000000000000000e+00
5.492565114154295713e+00 0.000000000000000000e+00
5.557374549768073990e+00 0.000000000000000000e+00
5.623005316083027338e+00 0.000000000000000000e+00
5.689804437686109218e+00 0.000000000000000000e+00
5.758127208241955231e+00 0.000000000000000000e+00
5.827431104910857584e+00 0.000000000000000000e+00
5.897842258064980747e+00 0.000000000000000000e+00
5.970026991435864794e+00 0.000000000000000000e+00
6.043347428326579340e+00 0.000000000000000000e+00
6.117871298780079847e+00 1.218357894736841990e+04
6.193817999705423460e+00 0.000000000000000000e+00
6.271487987466610292e+00 0.000000000000000000e+00
6.350508988712126879e+00 0.000000000000000000e+00
6.430945609208105651e+00 0.000000000000000000e+00
6.512861525233180515e+00 0.000000000000000000e+00
6.596402877553066091e+00 0.000000000000000000e+00
6.681796922243173675e+00 0.000000000000000000e+00
6.768809677462331642e+00 0.000000000000000000e+00
6.857502102590450122e+00 0.000000000000000000e+00
6.947934346342505840e+00 0.000000000000000000e+00
7.040165772339959993e+00 0.000000000000000000e+00
7.134254983481720380e+00 0.000000000000000000e+00
7.230259845189065615e+00 0.000000000000000000e+00
7.328237507592858968e+00 0.000000000000000000e+00
7.428244426723498606e+00 0.000000000000000000e+00
7.530336384766387781e+00 0.000000000000000000e+00
7.634568509431406191e+00 0.000000000000000000e+00
7.740995292492130808e+00 0.000000000000000000e+00
7.849670607537809097e+00 0.000000000000000000e+00
7.960647726983516748e+00 0.000000000000000000e+00
8.073979338378626025e+00 0.000000000000000000e+00
8.189717560051594347e+00 0.000000000000000000e+00
8.308059208922621508e+00 0.000000000000000000e+00
8.429138484502246342e+00 0.000000000000000000e+00
8.552814389154649533e+00 0.000000000000000000e+00
8.679136485922708033e+00 0.000000000000000000e+00
8.808294876546003849e+00 0.000000000000000000e+00
8.940597570092084112e+00 0.000000000000000000e+00
9.075727254919046416e+00 0.000000000000000000e+00
9.213958257500230786e+00 0.000000000000000000e+00
9.355550177749135443e+00 0.000000000000000000e+00
9.500145626915827535e+00 0.000000000000000000e+00
9.648540068540173209e+00 0.000000000000000000e+00
9.800060342969045379e+00 0.000000000000000000e+00
9.955588601578879704e+00 0.000000000000000000e+00
1.011457841913814448e+01 0.000000000000000000e+00
1.027756337506504813e+01 0.000000000000000000e+00
1.044455280826911725e+01 0.000000000000000000e+00
1.061552872466166697e+01 0.000000000000000000e+00
1.079081484230726318e+01 0.000000000000000000e+00
1.097062055444434137e+01 0.000000000000000000e+00
1.115491613775057189e+01 0.000000000000000000e+00
1.134388807319112047e+01 0.000000000000000000e+00
1.153771988670235338e+01 0.000000000000000000e+00
1.173659226064405203e+01 0.000000000000000000e+00
1.194068313900869960e+01 0.000000000000000000e+00
1.215016782683943575e+01 0.000000000000000000e+00
1.236521908427169336e+01 0.000000000000000000e+00
1.258600721557894531e+01 0.000000000000000000e+00
