3.338199315815968404e-01 0.000000000000000000e+00
3.354719589223569276e-01 0.000000000000000000e+00
3.371239862631170703e-01 0.000000000000000000e+00
3.387760136038772130e-01 0.000000000000000000e+00
3.404280409446373001e-01 0.000000000000000000e+00
3.420800682853974428e-01 0.000000000000000000e+00
3.437320956261575855e-01 0.000000000000000000e+00
3.453841229669177282e-01 0.000000000000000000e+00
3.470361503076778709e-01 0.000000000000000000e+00
3.486881776484379580e-01 0.000000000000000000e+00
3.503402049891981007e-01 0.000000000000000000e+00
3.519922323299582434e-01 0.000000000000000000e+00
3.536442596707183306e-01 0.000000000000000000e+00
3.552962870114784733e-01 0.000000000000000000e+00
3.569483143522386159e-01 0.000000000000000000e+00
3.586003416929987586e-01 0.000000000000000000e+00
3.602523690337589013e-01 0.000000000000000000e+00
3.619043963745189885e-01 0.000000000000000000e+00
3.635564237152791311e-01 0.000000000000000000e+00
3.652084510560392738e-01 0.000000000000000000e+00
3.668604783967994165e-01 0.000000000000000000e+00
3.685125057375595037e-01 0.000000000000000000e+00
3.701645330783196464e-01 0.000000000000000000e+00
3.718165604190797890e-01 0.000000000000000000e+00
3.734685877598399317e-01 0.000000000000000000e+00
3.751206151006000189e-01 0.000000000000000000e+00
3.767726424413601616e-01 0.000000000000000000e+00
3.784246697821203043e-01 0.000000000000000000e+00
3.800766971228804469e-01 0.000000000000000000e+00
3.817287244636405896e-01 1.734063157894736651e+04
3.833807518044006768e-01 1.652884210526316019e+04
3.850327791451608195e-01 1.727749019607843366e+04
3.866848064859209622e-01 1.807288888888889051e+04
3.883368338266810493e-01 1.937777777777777737e+04
3.899888611674411920e-01 1.854117647058823786e+04
3.916408885082013347e-01 1.838682352941176214e+04
3.932929158489614774e-01 1.989396078431372371e+04
3.949449431897216201e-01 1.885600000000000000e+04
3.965969705304817072e-01 1.868800000000000000e+04
3.982489978712418499e-01 1.955200000000000000e+04
3.999010252120019926e-01 2.068800000000000000e+04
4.023178389476732564e-01 2.017706666666666933e+04
4.047833919041555761e-01 1.876266666666666424e+04
4.072489448606378404e-01 2.211413333333333503e+04
4.097144978171201046e-01 1.959923809523809177e+04
4.121800507736023689e-01 2.062780952380952294e+04
4.146456037300846331e-01 2.038095238095237801e+04
4.171111566865668974e-01 2.113980952380952294e+04
4.195767096430491616e-01 2.058057142857142753e+04
4.220422625995314814e-01 2.025904761904762199e+04
4.245078155560137456e-01 2.097676190476190823e+04
4.269733685124960099e-01 2.139123809523809177e+04
4.294389214689782741e-01 2.027428571428571377e+04
4.319044744254605384e-01 2.034133333333333576e+04
4.343700273819428026e-01 1.906742857142857247e+04
4.368355803384249003e-01 2.008838095238095048e+04
4.393011332949071646e-01 1.945295238095237801e+04
4.417666862513894843e-01 1.898760439560439409e+04
4.442322392078717486e-01 2.023161904761904952e+04
4.466977921643540128e-01 1.914584615384615245e+04
4.491633451208362771e-01 1.951238095238095048e+04
4.516288980773185413e-01 1.892360439560439409e+04
4.540944510338008056e-01 1.902347252747252787e+04
4.565600039902830698e-01 2.095847619047619446e+04
4.590255569467653896e-01 1.879208791208791445e+04
4.614911099032476538e-01 1.910552380952380554e+04
4.639566628597299180e-01 1.882514285714285506e+04
4.664222158162121823e-01 1.956419047619047706e+04
4.688877687726944465e-01 2.005802197802197406e+04
4.713533217291767108e-01 2.040228571428571377e+04
4.738188746856589750e-01 1.876184615384615245e+04
4.762844276421412948e-01 1.656533333333333212e+04
4.787499805986235590e-01 1.822171428571428260e+04
4.812155335551058233e-01 1.681866666666666788e+04
4.836810865115880875e-01 1.953687912087911900e+04
4.861466394680703518e-01 1.732000000000000000e+04
4.886121924245526160e-01 2.016000000000000000e+04
4.910777453810348803e-01 1.697333333333333212e+04
4.935432983375172000e-01 1.858133333333333212e+04
4.960088512939994643e-01 1.716800000000000000e+04
4.984744042504817285e-01 1.540000000000000000e+04
5.012878732422255679e-01 1.489866666666666788e+04
5.046660266905081960e-01 1.698813186813186985e+04
5.080441801387908241e-01 1.649866666666666788e+04
5.114223335870734521e-01 1.571466666666666788e+04
5.148004870353561913e-01 1.708800000000000000e+04
5.181786404836388193e-01 1.717066666666666788e+04
5.215567939319214474e-01 1.533995959595960085e+04
5.249349473802040755e-01 1.597672727272727207e+04
5.283131008284867036e-01 1.675733333333333212e+04
5.316912542767694427e-01 1.585260606060606369e+04
5.350694077250520708e-01 1.288266666666666424e+04
5.384475611733346989e-01 1.256533333333333576e+04
5.418257146216173270e-01 1.541760000000000218e+04
5.452038680699000661e-01 1.506559999999999854e+04
5.485820215181826942e-01 1.301600000000000000e+04
5.519601749664653223e-01 1.648226262626262542e+04
5.553383284147479504e-01 1.272685714285714494e+04
5.587164818630305785e-01 1.730779797979798241e+04
5.620946353113133176e-01 1.560319999999999709e+04
5.654727887595959457e-01 1.436379797979797877e+04
5.688509422078785738e-01 1.503359999999999854e+04
5.722290956561612019e-01 1.429333333333333576e+04
5.756072491044439410e-01 1.182933333333333212e+04
5.789854025527265691e-01 1.272533333333333212e+04
5.823635560010091972e-01 1.358400000000000000e+04
5.857417094492918253e-01 1.658505050505050895e+04
5.891198628975745644e-01 1.316913131313131089e+04
5.924980163458571925e-01 1.431660606060606005e+04
5.958761697941398205e-01 1.229362637362637543e+04
5.992543232424224486e-01 1.236000000000000000e+04
6.034133675094550675e-01 1.464320000000000073e+04
6.077936073281153817e-01 1.589759999999999854e+04
6.121738471467756959e-01 1.344533333333333576e+04
6.165540869654360101e-01 1.416727272727272793e+04
6.209343267840962133e-01 1.600640000000000146e+04
6.253145666027565275e-01 1.620479999999999927e+04
6.296948064214167307e-01 1.465535353535353352e+04
6.340750462400770449e-01 1.603232323232323324e+04
6.384552860587373591e-01 1.577761616161616257e+04
6.428355258773976733e-01 1.589760000000000218e+04
6.472157656960579875e-01 1.409680808080808492e+04
6.515960055147183017e-01 1.443232323232323324e+04
6.559762453333786159e-01 1.508202020202019776e+04
6.603564851520389301e-01 1.619840000000000146e+04
6.647367249706992443e-01 1.712000000000000000e+04
6.691169647893595585e-01 1.837769696969697179e+04
6.734972046080198727e-01 1.836347474747474553e+04
6.778774444266800758e-01 1.656320000000000437e+04
6.822576842453403900e-01 1.655040000000000146e+04
6.866379240640007042e-01 1.983466666666666788e+04
6.910181638826610184e-01 1.836800000000000000e+04
6.953984037013213326e-01 1.819086868686868911e+04
6.997786435199816468e-01 1.772412121212120837e+04
7.051883792886081137e-01 2.079733333333333212e+04
7.106529099579619313e-01 1.925236363636363603e+04
7.161174406273157489e-01 2.038133333333333212e+04
7.215819712966695665e-01 2.018933333333333212e+04
7.270465019660233841e-01 1.619199999999999636e+04
7.325110326353772017e-01 1.911595959595960085e+04
7.379755633047310193e-01 1.977600000000000000e+04
7.434400939740848369e-01 1.903903030303030027e+04
7.489046246434386545e-01 2.107733333333333212e+04
7.543691553127924720e-01 2.146133333333333212e+04
7.598336859821462896e-01 2.212923076923076951e+04
7.652982166515001072e-01 2.057866666666666788e+04
7.707627473208539248e-01 2.437907692307692196e+04
7.762272779902077424e-01 2.059200000000000000e+04
7.816918086595615600e-01 2.173600000000000000e+04
7.871563393289153776e-01 2.138400000000000000e+04
7.926208699982691952e-01 2.323129670329670262e+04
7.980854006676230128e-01 2.229169230769230853e+04
8.043039796499394933e-01 2.065866666666666788e+04
8.109292426662654263e-01 2.351894505494505211e+04
8.175545056825910262e-01 2.140000000000000000e+04
8.241797686989169591e-01 2.408158241758242002e+04
8.308050317152428921e-01 2.330654945054945347e+04
8.374302947315688250e-01 2.282549450549450557e+04
8.440555577478946470e-01 2.410268131868131604e+04
8.506808207642205799e-01 2.409353846153846098e+04
8.573060837805465129e-01 2.416668131868131604e+04
8.639313467968724458e-01 2.294646153846153902e+04
8.705566098131982677e-01 2.395358241758242002e+04
8.771818728295242007e-01 2.388958241758242002e+04
8.838071358458501336e-01 2.307024175824176200e+04
8.904323988621760666e-01 2.353793406593406689e+04
8.970576618785019996e-01 2.663923809523809177e+04
9.043680434268027701e-01 2.412729670329670262e+04
9.122257753642482037e-01 2.360896703296703345e+04
9.200835073016935262e-01 2.501345054945054653e+04
9.279412392391389597e-01 2.523287912087911900e+04
9.357989711765843932e-01 2.549638095238095048e+04
9.436567031140297157e-01 2.449582417582417838e+04
9.515144350514751492e-01 2.478323809523809177e+04
9.593721669889205828e-01 2.340501098901099249e+04
9.672298989263659053e-01 2.473424175824176200e+04
9.750876308638113388e-01 2.608761904761904952e+04
9.829453628012567723e-01 2.520756043956043504e+04
9.908030947387020948e-01 2.536720879120879545e+04
9.986608266761475283e-01 2.612876190476190823e+04
1.007597228093530806e+00 2.420325274725274357e+04
1.016755231475154453e+00 2.648228571428571377e+04
1.025913234856778100e+00 2.594933333333333212e+04
1.035071238238401525e+00 2.445854945054945347e+04
1.044229241620024951e+00 2.667123809523809177e+04
1.053387245001648598e+00 2.679314285714285870e+04
1.062545248383272023e+00 2.604800000000000000e+04
1.071703251764895670e+00 2.696533333333333576e+04
1.080861255146519095e+00 2.607542857142857247e+04
1.090019258528142743e+00 2.808076190476190823e+04
1.099177261909766168e+00 2.557327472527472491e+04
1.109577382846847149e+00 2.588061538461538294e+04
1.120100107851068838e+00 2.713600000000000000e+04
1.130622832855290527e+00 2.428975824175823800e+04
1.141145557859511994e+00 2.693790476190476329e+04
1.151668282863733683e+00 2.671542857142857247e+04
1.162191007867955372e+00 2.457389010989011149e+04
1.172713732872177284e+00 2.617295238095237801e+04
1.183236457876398973e+00 2.571885714285714130e+04
1.193759182880620662e+00 2.381866666666666424e+04
1.204862286162380336e+00 2.611504761904762199e+04
1.216811282160094043e+00 2.530742857142857247e+04
1.228760278157807750e+00 2.300553846153846098e+04
1.240709274155521458e+00 2.519161904761904952e+04
1.252658270153235165e+00 2.551466666666666424e+04
1.264607266150948872e+00 2.364413186813186985e+04
1.276556262148662579e+00 2.519314285714285870e+04
1.288505258146376287e+00 2.554209523809523671e+04
1.300510718620876638e+00 2.341345054945054653e+04
1.313944992883883556e+00 2.401219047619047706e+04
1.327379267146890252e+00 2.388114285714285870e+04
1.340813541409896947e+00 2.239648351648351309e+04
1.354247815672903865e+00 2.382171428571428623e+04
1.367682089935910561e+00 2.354438095238095048e+04
1.381116364198917257e+00 2.288609523809523671e+04
1.394550638461923953e+00 2.158019047619047706e+04
1.408901449512817150e+00 2.364800000000000000e+04
1.423877757734711702e+00 2.504228571428571377e+04
1.438854065956606476e+00 2.229638095238095048e+04
1.453830374178501028e+00 2.411428571428571377e+04
1.468806682400395802e+00 2.387200000000000000e+04
1.483782990622290354e+00 2.167009523809523671e+04
1.498759298844185128e+00 2.289523809523809177e+04
1.515200100484543455e+00 2.346819047619047706e+04
1.531773185952491678e+00 2.221714285714285870e+04
1.548346271420439901e+00 2.205257142857142753e+04
1.564919356888388124e+00 2.263923809523809177e+04
1.581492442356336348e+00 2.298666666666666424e+04
1.598065527824284571e+00 2.367573333333332994e+04
1.616095761063365055e+00 2.265142857142857247e+04
1.634318554332749418e+00 2.234361904761904952e+04
1.652541347602134003e+00 2.177828571428571377e+04
1.670764140871518366e+00 2.127360000000000218e+04
1.688986934140902063e+00 1.961295238095237801e+04
1.707882714557424464e+00 2.087314285714285870e+04
1.727806502185867066e+00 2.177280000000000291e+04
1.747730289814309890e+00 2.004723809523809177e+04
1.767654077442752714e+00 2.026514285714285870e+04
1.787577865071195315e+00 2.200746666666666351e+04
1.808160852218376746e+00 2.143573333333333721e+04
1.829835420873613394e+00 1.948342857142857247e+04
1.851509989528849820e+00 2.093866666666666424e+04
1.873184558184086468e+00 1.992380952380952294e+04
1.894859126839322894e+00 2.194773333333333358e+04
1.917906146948763046e+00 2.056228571428571377e+04
1.941379907640643721e+00 1.975923809523809177e+04
1.964853668332524617e+00 1.951390476190476329e+04
1.988327429024405291e+00 1.828114285714285870e+04
2.012729415677962930e+00 1.904152380952380554e+04
2.038049511749261189e+00 1.967238095238095048e+04
2.063369607820559004e+00 1.902506666666666570e+04
2.088689703891856819e+00 1.777066666666666788e+04
2.115056826926958955e+00 1.550171428571428623e+04
2.142269228625923727e+00 1.583390476190476329e+04
2.169481630324888499e+00 1.523047619047619446e+04
2.196694032023852827e+00 1.692160000000000218e+04
2.225608275883194764e+00 1.609386666666666861e+04
2.254757863740218582e+00 1.412693333333333067e+04
2.283907451597242844e+00 1.489066666666666424e+04
2.313944415981901592e+00 1.504426666666666279e+04
2.345075054761314171e+00 1.467733333333333576e+04
2.376205693540726749e+00 1.592800000000000000e+04
2.407813305708226714e+00 1.489066666666666788e+04
2.440967910361045323e+00 1.448106666666666933e+04
2.474122515013864376e+00 1.436159999999999854e+04
2.507730584804795715e+00 1.291946666666666351e+04
2.542951179583731847e+00 1.270000000000000000e+04
2.578171774362668422e+00 1.225600000000000000e+04
2.614193607485178372e+00 1.368320000000000437e+04
2.651521379173738424e+00 1.286400000000000364e+04
2.688849150862298920e+00 1.254800000000000000e+04
2.727682956397949887e+00 1.003946666666666715e+04
2.767158302442901174e+00 1.066239999999999782e+04
2.807001201681490254e+00 9.804000000000000000e+03
2.848663773886430217e+00 9.098039215686272655e+03
2.890326346091370180e+00 1.027705263157894660e+04
2.933698194380810698e+00 8.689777777777777374e+03
2.977586938712892817e+00 9.287529411764706310e+03
3.022583725257846687e+00 8.478315789473683253e+03
3.068736918235778433e+00 7.434105263157893205e+03
3.115632819577756063e+00 7.975111111111109494e+03
3.164088101637505979e+00 9.291294117647059466e+03
3.213148901405508795e+00 8.660210526315790048e+03
3.263943307584697084e+00 0.000000000000000000e+00
3.315426975652218555e+00 0.000000000000000000e+00
3.368596963884413764e+00 0.000000000000000000e+00
3.422754177583599677e+00 0.000000000000000000e+00
3.478335654855749137e+00 0.000000000000000000e+00
3.535410269664393201e+00 0.000000000000000000e+00
3.593438616257212725e+00 0.000000000000000000e+00
3.653668092232827291e+00 0.000000000000000000e+00
3.714767743273880374e+00 0.000000000000000000e+00
3.777793973531410110e+00 0.000000000000000000e+00
3.842471806159402981e+00 0.000000000000000000e+00
3.908365180092747693e+00 0.000000000000000000e+00
3.976525028882517798e+00 0.000000000000000000e+00
4.046400297280659863e+00 0.000000000000000000e+00
4.117819699485105289e+00 0.000000000000000000e+00
4.191245404316449985e+00 0.000000000000000000e+00
